22
28
49
66
68
79
91
96
99
149
155
172
175
191
220
245
326
336
340
343
423
448
451
464
476
496
503
512
542
555
556
562
613
618
651
662
683
689
718
724
731
733
758
799
803
828
835
852
854
875
912
926
931
981
1020
1028
1030
1038
1067
1076
1104
1107
1131
1133
1170
1175
1226
1249
1250
1266
1268
1302
1347
1368
1373
1383
1397
1398
1406
1455
1472
1476
1512
1523
1528
1537
1544
1545
1603
1604
1692
1713
1722
1738
1756
1762
1809
1820
1824
1850
1874
1906
1907
1908
1944
1960
1964
1974
1977
1982
1985
2014
2022
2027
2056
2073
2087
2114
2135
2140
2142
2146
2156
2160
2171
2182
2209
2213
2227
2228
2229
2230
2242
2258
2287
2289
2290
2299
2300
2305
2318
2320
2321
2322
2340
2355
2356
2362
2364
2393
2396
2407
2408
2419
2424
2427
2436
2455
2482
2487
2510
2536
2542
2562
2563
2569
2586
2617
2620
2634
2643
2645
2647
2668
2685
2687
2688
2721
2727
2730
2733
2736
2742
2750
2751
2788
2802
2811
2816
2846
2848
2857
2862
2865
2868
2885
2895
2896
2911
2912
2919
2932
2933
2949
2955
2965
2986
2987
2988
2994
3014
3030
3036
3044
3055
3060
3067
3114
3127
3129
3154
3155
3164
3169
3176
3181
3188
3201
3234
3243
3251
3252
3270
3279
3382
3403
3423
3447
3448
3463
3465
3468
3472
3476
3483
3488
3490
3509
3518
3520
3521
3533
3563
3578
3595
3603
3606
3612
3617
3634
3644
3657
3684
3688
3707
3718
3736
3738
3747
3771
3777
3794
3803
3825
3851
3857
3888
3893
3894
3905
3913
3917
3935
3937
3945
3949
3961
3973
3974
3979
3997
3998
4004
4017
4020
4022
4023
4024
4028
4041
4051
4053
4065
4075
4081
4097
4100
4101
4117
4118
4125
4126
4136
4137
4147
4157
4159
4173
4177
4179
4181
4185
4208
4210
4215
4216
4217
4227
4248
4257
4269
4274
4278
4286
4288
4291
4295
4298
4311
4316
4317
4329
4330
4334
4337
4339
4342
4347
4349
4353
4359
4360
4364
4368
4369
4372
4382
4387
4394
4400
4402
4403
4408
4415
4424
4425
4428
4430
4434
4436
4442
4446
4448
4449
4450
4452
4454
4456
4458
4461
4477
4479
4482
4486
4487
4488
4501
4502
4508
4518
4522
4523
4538
4541
4546
4555
4559
4563
4567
4568
4585
4586
4592
4597
4598
4603
4605
4619
4621
4627
4630
4640
4646
4649
4655
4660
4666
4670
4673
4680
4687
4688
4689
4691
4692
4693
4701
4705
4712
4713
4715
4716
4718
4719
4724
4734
4739
4749
4751
4756
4759
4767
4768
4769
4777
4782
4788
4789
4792
4794
4798
4799
4802
4803
4804
4809
4812
4816
4818
4825
4826
4828
4833
4834
4841
4846
4848
4850
4851
4853
4866
4870
4873
4877
4885
4900
4916
4921
4924
4928
4930
4933
4938
4943
4945
4947
4959
4961
4963
4967
4975
4978
4982
4984
4989
4991
4995
4997
4999
5004
5005
5006
5008
5009
5013
5031
5034
5035
5043
5046
5048
5052
5055
5056
5080
5090
5100
5101
5105
5117
5127
5139
5140
5143
5144
5150
5159
5164
5165
5178
5179
5185
5186
5187
5189
5191
5195
5197
5198
5201
5204
5206
5221
5225
5227
5243
5244
5246
5256
5258
5259
5269
5270
5271
5279
5280
5281
5290
5314
5330
5339
5347
5351
5355
5356
5366
5368
5375
5383
5387
5388
5389
5390
5392
5395
5396
5402
5417
5431
5434
5440
5447
5448
5450
5451
5456
5457
5461
5463
5469
5471
5475
5478
5481
5487
5488
5490
5493
5495
5499
5505
5506
5515
5523
5525
5528
5536
5538
5540
5544
5548
5553
5556
5559
5565
5573
5578
5579
5581
5582
5587
5589
5605
5606
5608
5609
5610
5612
5614
5616
5622
5624
5630
5635
5641
5643
5650
5651
5653
5656
5666
5668
5670
5672
5675
5685
5688
5694
5696
5711
5713
5714
5718
5720
5721
5726
5735
5747
5752
5756
5762
5765
5768
5770
5774
5775
5782
5784
5788
5794
5795
5801
5805
5809
5821
5823
5829
5830
5849
5858
5861
5884
5898
5902
5903
5916
5920
5940
5947
5951
5960
5961
5965
5966
6002
6018
6039
6056
6063
6065
6092
6151
6193
6201
6215
6222
6267
6268
6291
6292
6305
6308
6340
6365
6390
6397
6414
6431
6461
6463
6464
6491
6526
6531
6546
6555
6560
6574
6576
6591
6607
6611
6627
6638
6663
6691
6693
6695
6696
6699
6711
6712
6734
6741
6745
6774
6800
6804
6805
6813
6831
6876
6878
6889
6896
6901
6965
6973
6996
7013
7043
7051
7076
7085
7094
7105
7106
7128
7146
7149
7174
7204
7213
7217
7228
7230
7263
7280
7284
7298
7299
7314
7332
7349
7364
7379
7389
7399
7457
7497
7526
7543
7556
7602
7606
7612
7642
7675
7683
7695
7705
7709
7718
7735
7736
7741
7750
7752
7754
7779
7840
7845
7859
7868
7880
7882
7899
7905
7906
7913
7915
7921
7940