22
49
66
68
99
155
172
175
220
245
336
343
451
476
496
503
512
542
556
562
651
662
689
731
733
758
803
828
835
875
912
981
1020
1030
1038
1076
1131
1170
1249
1250
1266
1302
1368
1383
1397
1398
1472
1476
1512
1528
1545
1603
1692
1713
1738
1820
1824
1850
1874
1906
1944
1964
1974
2022
2027
2114
2142
2156
2160
2171
2227
2228
2229
2242
2258
2287
2300
2322
2355
2396
2407
2408
2419
2424
2427
2436
2482
2536
2542
2562
2563
2569
2586
2620
2645
2647
2668
2687
2688
2721
2727
2730
2733
2742
2750
2788
2848
2862
2865
2885
2895
2896
2911
2919
2932
2933
2949
2986
3014
3030
3044
3055
3060
3067
3127
3129
3154
3164
3176
3181
3201
3234
3252
3270
3382
3403
3447
3448
3463
3472
3476
3483
3488
3518
3520
3521
3533
3563
3606
3612
3634
3657
3688
3718
3738
3777
3794
3857
3888
3893
3894
3905
3913
3917
3935
3937
3945
3949
3961
4017
4023
4028
4053
4065
4081
4117
4118
4125
4157
4179
4181
4210
4217
4248
4278
4286
4311
4316
4330
4334
4339
4359
4364
4368
4372
4382
4387
4403
4408
4415
4424
4425
4428
4430
4436
4442
4446
4452
4456
4458
4477
4487
4488
4502
4508
4518
4522
4563
4567
4586
4597
4603
4619
4621
4627
4646
4649
4666
4670
4673
4680
4689
4692
4701
4705
4713
4715
4716
4719
4724
4734
4739
4756
4788
4789
4792
4798
4802
4803
4809
4816
4846
4851
4866
4870
4877
4900
4921
4924
4930
4933
4938
4967
4991
4997
4999
5005
5009
5013
5031
5034
5035
5055
5117
5127
5143
5165
5191
5198
5204
5206
5221
5243
5244
5271
5279
5281
5314
5347
5355
5368
5383
5387
5395
5431
5434
5440
5447
5448
5450
5457
5463
5481
5487
5505
5506
5515
5523
5528
5540
5553
5556
5559
5565
5573
5581
5589
5605
5612
5641
5643
5653
5666
5668
5670
5672
5675
5696
5713
5714
5720
5726
5752
5768
5774
5775
5782
5788
5801
5809
5830
5858
5884
5902
5903
5965
6039
6063
6092
6151
6201
6268
6305
6308
6340
6390
6431
6461
6464
6491
6546
6574
6607
6638
6691
6695
6696
6711
6741
6745
6774
6800
6804
6805
6876
6878
6889
6965
6973
7013
7043
7051
7076
7094
7128
7149
7174
7204
7217
7263
7299
7314
7332
7349
7364
7389
7556
7602
7606
7612
7718
7741
7750
7779
7840
7845
7868
7880
7882
7899
7905
7906
7913
7915